X,Y,Z
-0.000, -0.001, 0.000
-0.000, -0.001, 0.000
-0.000, -0.001, 0.000
0.000, 0.001, -0.000
-0.058, 0.121, 0.001
-0.062, 0.379, 0.004
-0.061, 0.644, 0.008
-0.090, 1.017, 0.014
-0.085, 1.429, 0.021
-0.104, 1.971, 0.029
-0.110, 2.600, 0.037
-0.107, 3.291, 0.045
-0.114, 3.999, 0.053
-0.094, 4.812, 0.063
-0.081, 5.616, 0.074
-0.043, 6.527, 0.085
0.002, 7.410, 0.098
0.069, 8.319, 0.112
0.156, 9.361, 0.126
0.260, 10.473, 0.142
0.373, 11.555, 0.158
0.539, 12.728, 0.174
0.732, 13.942, 0.191
0.957, 15.169, 0.209
1.214, 16.407, 0.226
1.503, 17.653, 0.243
1.803, 18.949, 0.260
2.169, 20.373, 0.277
2.546, 21.714, 0.294
2.950, 23.037, 0.312
3.400, 24.496, 0.329
3.909, 25.994, 0.348
4.419, 27.411, 0.368
5.054, 29.043, 0.389
5.653, 30.482, 0.410
6.299, 31.951, 0.433
6.969, 33.441, 0.458
7.717, 34.944, 0.483
9.362, 37.998, 0.510
10.239, 39.514, 0.537
11.148, 41.005, 0.566
12.160, 42.517, 0.594
13.186, 43.977, 0.624
14.223, 45.357, 0.653
15.282, 46.682, 0.684
16.392, 47.986, 0.714
17.689, 49.417, 0.746
18.914, 50.685, 0.778
20.232, 51.964, 0.811
21.458, 53.072, 0.848
22.742, 54.155, 0.886
23.688, 54.885, 0.927
24.753, 55.638, 0.969
26.058, 56.472, 1.013
27.306, 57.197, 1.059
28.728, 57.936, 1.106
30.125, 58.581, 1.153
31.500, 59.128, 1.202
33.039, 59.670, 1.252
34.429, 60.074, 1.304
35.924, 60.424, 1.357
37.194, 60.650, 1.412
38.528, 60.811, 1.469
39.789, 60.889, 1.527
41.236, 60.895, 1.584
42.444, 60.830, 1.644
43.695, 60.683, 1.708
44.767, 60.486, 1.774
45.822, 60.220, 1.844
46.816, 59.888, 1.916
47.810, 59.473, 1.989
48.621, 59.063, 2.063
49.618, 58.460, 2.138
50.384, 57.916, 2.213
51.128, 57.303, 2.290
51.844, 56.606, 2.367
52.465, 55.898, 2.447
52.992, 55.191, 2.528
53.508, 54.362, 2.611
53.845, 53.706, 2.696
54.151, 52.957, 2.782
54.330, 52.384, 2.871
54.493, 51.615, 2.962
54.555, 51.102, 3.055
54.578, 50.509, 3.149
54.537, 49.927, 3.245
54.452, 49.420, 3.342
54.308, 48.888, 3.442
54.174, 48.544, 3.542
53.921, 48.043, 3.643
53.651, 47.620, 3.746
53.322, 47.208, 3.851
52.851, 46.733, 3.957
52.368, 46.339, 4.065
51.809, 45.983, 4.175
51.226, 45.693, 4.286
50.473, 45.421, 4.400
49.965, 45.299, 4.515
49.327, 45.219, 4.628
48.733, 45.205, 4.739
48.000, 45.262, 4.845