[
	[69.9963, 263.188, -9.03813, -100, 100, 1],
	[69.9963, 263.188, -9.03675, -100, 100, 1],[69.9963, 263.188, -9.03536, -100, 100, 1],[70.0083, 263.183, -9.03393, -100, 100, 1],[70.0083, 263.183, -9.03248, -100, 100, 1],[69.9963, 263.188, -9.03114, -100, 100, 1],
	[69.9963, 263.188, -9.0298, -100, 100, 1],[69.9963, 263.188, -9.02767, -100, 100, 1],[69.9963, 263.188, -9.02622, -100, 100, 1],[69.9963, 263.188, -9.02484, -100, 100, 1],[69.9963, 263.188, -9.02418, -100, 100, 1],
	[69.9963, 263.188, -9.02285, -100, 100, 1],[69.9963, 263.188, -9.02151, -100, 100, 1],[69.9963, 263.188, -9.01938, -100, 100, 1],[69.9963, 263.188, -9.01793, 20, 20, 0],[69.9963, 263.188, -9.01724, 20, 20, 0],
	[69.9963, 263.188, -9.01591, 20, 20, 0],[69.9963, 263.188, -9.01456, 100, 100, 0],[69.9963, 263.188, -9.01319, 100, 100, 0],[69.9963, 263.188, -9.01176, 100, 100, 0],[69.9963, 263.188, -9.01004, 100, 100, 0],
	[69.9963, 263.188, -9.00701, 100, 100, 0],[69.7477, 263.299, -9.00433, 100, 100, 0],[69.3035, 263.499, -9.00257, 100, 100, 0],[68.801, 263.725, -9.00193, 100, 100, 0],[68.2465, 263.974, -9.00218, 100, 100, 0],
	[67.5876, 264.269, -9.00412, 100, 100, 0],[66.7663, 264.635, -9.00574, 100, 100, 0],[65.8761, 265.032, -9.00535, 100, 100, 0],[64.9395, 265.45, -9.00466, 100, 100, 0],[63.9043, 265.911, -9.00678, 100, 100, 0],
	[62.8217, 266.391, -9.00733, 100, 100, 0],[61.6814, 266.896, -9.008, 100, 100, 0],[60.4241, 267.451, -9.00946, 100, 100, 0],[59.1788, 268, -9.01002, 100, 100, 0],[57.8574, 268.581, -9.01027, 100, 100, 0],
	[56.5005, 269.177, -9.01125, 100, 100, 0],[55.1722, 269.758, -9.01184, 100, 100, 0],[53.7168, 270.397, -9.01164, 100, 100, 0],[52.3606, 270.992, -9.01108, 100, 100, 0],[50.7828, 271.683, -9.01208, 100, 100, 0],
	[49.2865, 272.337, -9.0125, 100, 100, 0],[47.7546, 273.007, -9.01249, 100, 100, 0],[46.2392, 273.666, -9.01443, 100, 100, 0],[44.5248, 274.408, -9.0165, 100, 100, 0],[42.8615, 275.123, -9.0207, 100, 100, 0],
	[41.2361, 275.814, -9.02256, 100, 100, 0],[39.5966, 276.506, -9.02802, 100, 100, 0],[37.9332, 277.205, -9.03218, 100, 100, 0],[36.2413, 277.902, -9.03539, 100, 100, 0],[34.5646, 278.587, -9.03716, 100, 100, 0],
	[32.8306, 279.314, -9.04138, 100, 100, 0],[31.1336, 280.016, -9.04858, 100, 100, 0],[29.4422, 280.679, -9.05097, 100, 100, 0],[27.7757, 281.339, -9.05475, 100, 100, 0],[26.0418, 282.016, -9.05938, 100, 100, 0],
	[24.2887, 282.678, -9.0639, 86, 100, 0],[22.568, 283.319, -9.06817, 86, 100, 0],[20.8116, 283.99, -9.07309, 0, 100, 0],[19.0176, 284.653, -9.07745, 0, 100, 0],[17.3098, 285.273, -9.08341, 0, 100, 0],
	[15.6888, 285.874, -9.09712, 0, 100, 0],[14.1526, 286.412, -9.10991, 0, 100, 0],[12.516, 286.971, -9.12659, 0, 100, 0],[11.0754, 287.484, -9.14835, 0, 100, 0],[9.76969, 287.948, -9.17372, 0, 100, 0],
	[8.49556, 288.283, -9.20105, 0, 100, 0],[7.30605, 288.536, -9.21564, 0, 100, 0],[6.14367, 288.855, -9.24572, 0, 100, 0],[5.03664, 289.304, -9.27529, 100, 100, 0],[3.96056, 289.848, -9.30463, 100, 100, 0],
	[2.87484, 290.179, -9.33672, 100, 100, 0],[1.85023, 290.493, -9.37196, 100, 100, 0],[0.970552, 290.89, -9.41228, 100, 100, 0],[0.128528, 291.611, -9.45596, 100, 100, 0],[-0.683263, 292.089, -9.50045, 100, 100, 0],
	[-1.68972, 292.869, -9.56076, 100, 100, 0],[-2.85219, 293.362, -9.59344, 100, 100, 0],[-3.9544, 293.158, -9.60775, 100, 100, 0],[-5.20653, 293.45, -9.63359, 100, 100, 0],[-6.49248, 293.427, -9.65592, 100, 100, 0],
	[-7.84531, 293.121, -9.67453, 100, 100, 0],[-9.20495, 292.765, -9.68947, 100, 100, 0],[-10.672, 292.346, -9.70314, 100, 100, 0],[-12.2136, 291.997, -9.72127, 100, 100, 0],[-13.7668, 291.514, -9.72649, 100, 100, 0],
	[-15.3636, 291.061, -9.73539, 100, 100, 0],[-16.9767, 290.575, -9.74304, 100, 100, 0],[-18.5485, 290.065, -9.74968, 100, 100, 0],[-20.3236, 289.463, -9.7542, 100, 100, 0],[-22.0215, 288.891, -9.75902, 100, 100, 0],
	[-23.7641, 288.293, -9.76465, 100, 100, 0],[-25.5305, 287.705, -9.76814, 100, 100, 0],[-27.329, 287.112, -9.77176, 100, 100, 0],[-29.0654, 286.495, -9.77525, 100, 100, 0],[-31.0506, 285.765, -9.77841, 100, 100, 0],
	[-34.7989, 284.366, -9.78369, 100, 100, 0],[-36.7177, 283.639, -9.78658, 100, 100, 0],[-38.6652, 282.899, -9.78798, 100, 100, 0],[-38.6652, 282.899, -9.78856, 100, 100, 0],[-40.4986, 282.2, -9.78911, 100, 100, 0],
	[-42.5751, 281.408, -9.78869, 100, 100, 0],[-44.463, 280.69, -9.78845, 100, 100, 0],[-46.5404, 279.9, -9.78783, 100, 100, 0],[-50.5614, 278.378, -9.78559, 100, 100, 0],[-50.5614, 278.378, -9.78473, 100, 100, 0],
	[-52.4717, 277.666, -9.78502, 100, 100, 0],[-54.6157, 276.857, -9.78607, 100, 100, 0],[-58.5479, 275.37, -9.78691, 100, 100, 0],[-60.5851, 274.598, -9.78681, 100, 100, 0],[-60.5851, 274.598, -9.78631, 100, 100, 0],
	[-64.72, 273.056, -9.78845, 100, 100, 0],[-66.7294, 272.284, -9.79154, 100, 100, 0],[-68.7391, 271.513, -9.79374, 100, 100, 0],[-68.7391, 271.513, -9.79423, 100, 100, 0],[-70.6337, 270.778, -9.79499, 100, 100, 0],
	[-74.7154, 269.185, -9.79599, 85, 100, 0],[-74.7154, 269.185, -9.79644, 67, 100, 0],[-76.6975, 268.411, -9.79816, 30, 100, 0],[-78.7184, 267.617, -9.7999, 0, 100, 0],[-80.7448, 266.818, -9.8004, 0, 100, 0],
	[-82.612, 266.082, -9.80099, 0, 100, 0],[-84.6656, 265.267, -9.8057, 0, 100, 0],[-88.3129, 263.846, -9.82135, 0, 100, 0],[-88.3129, 263.846, -9.82899, 0, 100, 0],[-89.9466, 263.22, -9.84759, 0, 100, 0],
	[-91.4609, 262.589, -9.85859, 0, 100, 0],[-94.4102, 261.679, -9.89554, 0, 100, 0],[-95.8223, 261.295, -9.92152, 0, 100, 0],[-97.0488, 260.709, -9.94952, 4, 100, 0],[-97.0488, 260.709, -9.96402, 100, 100, 0],
	[-98.2563, 259.977, -9.9943, 100, 100, 0],[-99.2799, 259.298, -10.0271, 100, 100, 0],[-100.154, 258.682, -10.0647, 100, 100, 0],[-100.881, 258.132, -10.1083, 100, 100, 0],[-101.575, 257.598, -10.1555, 100, 100, 0],
	[-102.358, 257.175, -10.201, 100, 100, 0],[-103.289, 256.719, -10.2438, 100, 100, 0],[-104.454, 256.38, -10.2804, 100, 100, 0],[-105.658, 256.01, -10.3118, 100, 100, 0],[-106.805, 255.561, -10.3395, 100, 100, 0],
	[-107.968, 254.748, -10.3636, 100, 100, 0],[-108.911, 253.757, -10.3849, 100, 100, 0],[-109.704, 252.703, -10.4027, 100, 100, 0],[-110.756, 251.524, -10.4191, 100, 100, 0],[-112.817, 249.211, -10.438, 100, 100, 0],
	[-112.817, 249.211, -10.4438, 100, 100, 0],[-114.784, 246.618, -10.4588, 100, 100, 0],[-114.784, 246.618, -10.4625, 2, 100, 0],[-115.746, 245.325, -10.4703, 0, 100, 0],[-117.682, 242.239, -10.4807, 0, 100, 0],
	[-118.506, 240.783, -10.4878, 0, 100, 0],[-119.302, 239.314, -10.4991, 0, 100, 0],[-120.042, 237.9, -10.5134, 0, 100, 0],[-120.042, 237.9, -10.5228, 0, 100, 0],[-120.654, 236.67, -10.5457, 0, 100, 0],
	[-121.247, 235.431, -10.573, 0, 100, 0],[-122.241, 233.095, -10.618, 0, 100, 0],[-122.622, 232.034, -10.6508, 100, 100, 0],[-123.003, 230.886, -10.6856, 100, 100, 0],[-123.287, 229.874, -10.7218, 100, 100, 0],
	[-123.495, 229, -10.7619, 100, 100, 0],[-123.649, 228.192, -10.8079, 100, 100, 0],[-123.76, 227.401, -10.8564, 100, 100, 0],[-123.898, 226.524, -10.9034, 100, 100, 0],[-124.304, 225.524, -10.9445, 100, 100, 0],
	[-124.893, 224.452, -10.9777, 100, 100, 0],[-125.204, 223.334, -11.0065, 100, 100, 0],[-125.434, 222.179, -11.0319, 100, 100, 0],[-125.434, 222.179, -11.0432, 100, 100, 0],[-125.746, 220.784, -11.0638, 100, 100, 0],
	[-125.964, 219.345, -11.0827, 100, 100, 0],[-126.024, 217.857, -11.0996, 15, 100, 0],[-126.202, 216.314, -11.114, 0, 100, 0],[-126.281, 214.709, -11.1261, 0, 100, 0],[-126.226, 213.1, -11.1381, 0, 100, 0],
	[-126.168, 211.52, -11.1526, 0, 100, 0],[-126.103, 210.017, -11.1706, 100, 100, 0],[-126.049, 208.667, -11.1926, 100, 100, 0],[-126.196, 207.38, -11.2199, 100, 100, 0],[-126.564, 205.137, -11.2702, 100, 100, 0],
	[-126.744, 204.213, -11.3099, 100, 100, 0],[-127.112, 203.245, -11.3525, 100, 100, 0],[-127.598, 202.215, -11.3952, 100, 100, 0],[-127.598, 202.215, -11.4158, 100, 100, 0],[-127.853, 201.089, -11.45, 100, 100, 0],
	[-127.904, 199.899, -11.4778, 100, 100, 0],[-127.959, 198.667, -11.5031, 100, 100, 0],[-127.255, 196.251, -11.5349, 100, 100, 0],[-126.809, 195.015, -11.5504, 100, 100, 0],[-126.138, 193.896, -11.5653, 100, 100, 0],
	[-126.138, 193.896, -11.5718, 100, 100, 0],[-125.376, 192.555, -11.5824, 100, 100, 0],[-124.648, 191.198, -11.5922, 100, 100, 0],[-123.965, 189.778, -11.6019, 100, 100, 0],[-123.144, 188.359, -11.6089, 100, 59, 0],
	[-122.269, 186.915, -11.6144, 100, 0, 0],[-121.356, 185.435, -11.62, 100, 0, 0],[-120.35, 183.982, -11.6237, 100, 0, 0],[-119.331, 182.57, -11.6252, 100, 0, 0],[-118.298, 181.129, -11.6239, 100, 0, 0],
	[-117.289, 179.734, -11.6165, 100, 0, 0],[-116.348, 178.398, -11.6008, 100, 0, 0],[-114.549, 175.687, -11.5716, 100, 0, 0],[-114.549, 175.687, -11.5619, 100, 0, 0],[-113.648, 174.346, -11.5419, 100, 100, 0],
	[-112.789, 173.022, -11.5205, 100, 100, 0],[-111.898, 171.664, -11.4978, 100, 100, 0],[-111.091, 170.351, -11.4718, 100, 100, 0],[-110.17, 169.018, -11.4368, 100, 100, 0],[-109.057, 167.636, -11.3964, 100, 100, 0],
	[-108.006, 166.167, -11.3569, 100, 100, 0],[-107.014, 164.646, -11.3203, 100, 100, 0],[-106.546, 163.22, -11.2895, 100, 100, 0],[-106.089, 161.771, -11.2655, 100, 100, 0],[-105.616, 160.292, -11.2476, 100, 100, 0],
	[-105.232, 158.906, -11.2311, 100, 100, 0],[-104.864, 157.373, -11.2154, 100, 100, 0],[-104.544, 155.894, -11.2043, 100, 100, 0],[-104.199, 154.298, -11.1972, 100, 100, 0],[-103.872, 152.678, -11.1915, 100, 100, 0],
	[-103.56, 151.081, -11.1876, 100, 100, 0],[-103.236, 149.415, -11.1869, 100, 100, 0],[-102.903, 147.693, -11.1862, 100, 100, 0],[-102.571, 145.97, -11.1856, 100, 100, 0],[-102.234, 144.218, -11.1869, 100, 100, 0],
	[-101.894, 142.471, -11.189, 100, 100, 0],[-101.562, 140.652, -11.1913, 100, 100, 0],[-101.195, 138.75, -11.1934, 100, 100, 0],[-100.832, 136.879, -11.1949, 100, 100, 0],[-100.469, 135.033, -11.1972, 100, 100, 0],
	[-100.092, 133.133, -11.1997, 100, 100, 0],[-99.6918, 131.211, -11.2013, 100, 100, 0],[-98.8961, 127.297, -11.2029, 100, 100, 0],[-98.8961, 127.297, -11.2037, 100, 100, 0],[-98.4981, 125.361, -11.2059, 100, 100, 0],
	[-98.0769, 123.399, -11.208, 100, 100, 0],[-97.6818, 121.547, -11.2098, 100, 100, 0],[-97.2404, 119.466, -11.2115, 100, 100, 0],[-96.802, 117.475, -11.2125, 100, 100, 0],[-96.3592, 115.466, -11.2127, 100, 100, 0],
	[-95.4579, 111.366, -11.2143, 100, 100, 0],[-95.4579, 111.366, -11.2156, 100, 100, 0],[-95.0221, 109.374, -11.2175, 100, 100, 0],[-94.551, 107.293, -11.2185, 100, 100, 0],[-93.6333, 103.255, -11.2195, 100, 100, 0],
	[-93.1448, 101.12, -11.2204, 100, 100, 0],[-92.6654, 99.0345, -11.2216, 100, 100, 0],[-92.192, 96.9864, -11.2227, 100, 100, 0],[-91.7232, 94.9499, -11.225, 100, 100, 0],[-91.2464, 92.9225, -11.2266, 100, 100, 0],
	[-90.8003, 91.0367, -11.2278, 81, 100, 0],[-90.8003, 91.0367, -11.228, 81, 100, 0],[-90.2952, 88.9117, -11.2296, 81, 100, 0],[-89.824, 86.8823, -11.2308, 0, 100, 0],[-89.3549, 84.925, -11.2309, 0, 100, 0],
	[-88.8962, 82.9644, -11.2315, 0, 100, 0],[-88.4486, 81.0531, -11.2333, 0, 100, 0],[-88.0151, 79.2294, -11.2394, 0, 100, 0],[-87.6483, 77.5261, -11.2496, 0, 100, 0],[-87.2963, 75.9626, -11.2649, 0, 100, 0],
	[-87.0235, 74.4799, -11.2844, 0, 100, 0],[-86.8287, 73.1618, -11.3064, 0, 100, 0],[-86.6716, 71.8319, -11.3299, 0, 100, 0],[-86.522, 69.107, -11.3673, 0, 100, 0],[-86.4404, 67.8845, -11.394, 0, 100, 0],
	[-86.4404, 67.8845, -11.4079, 0, 100, 0],[-86.1623, 66.6752, -11.4369, 0, 100, 0],[-85.8607, 65.6596, -11.4681, 0, 100, 0],[-85.3814, 64.6237, -11.5017, 0, 100, 0],[-85.2339, 63.5328, -11.5375, 0, 100, 0],
	[-85.2405, 62.3538, -11.5769, 100, 100, 0],[-84.7253, 60.5647, -11.6418, 100, 100, 0],[-84.4582, 59.8156, -11.6874, 100, 100, 0],[-84.0058, 59.3195, -11.735, 100, 100, 0],[-84.0105, 59.315, -11.7594, 100, 100, 0],
	[-83.5527, 58.86, -11.8087, 100, 100, 0],[-82.5053, 57.9317, -11.8811, 100, 100, 0],[-81.8737, 57.2501, -11.9205, 100, 100, 0],[-82.2575, 56.7221, -11.9378, 100, 100, 0],[-81.8111, 55.6666, -11.9697, 83, 100, 0],
	[-81.267, 54.7176, -11.9991, 83, 100, 0],[-80.4399, 53.9815, -12.0238, 83, 100, 0],[-79.4577, 53.3904, -12.0459, 0, 100, 0],[-78.2596, 52.6911, -12.066, 0, 100, 0],[-77.1632, 52.0547, -12.0861, 0, 100, 0],
	[-75.9769, 51.3969, -12.1086, 0, 100, 0],[-74.9242, 50.7466, -12.1352, 0, 100, 0],[-73.9574, 50.1882, -12.167, 0, 100, 0],[-73.1436, 49.5682, -12.2031, 0, 100, 0],[-72.4879, 48.5599, -12.2412, 0, 100, 0],
	[-71.873, 47.5962, -12.2818, 0, 100, 0],[-70.5194, 46.5829, -12.3457, 0, 100, 0],[-69.9745, 46.0163, -12.3903, 0, 100, 0],[-69.3848, 45.2755, -12.4366, 65, 100, 0],[-68.8151, 44.4663, -12.4832, 100, 100, 0],
	[-68.2928, 43.6556, -12.5305, 100, 100, 0],[-68.302, 42.8639, -12.5547, 100, 100, 1],[-67.6854, 41.9478, -12.6039, 100, 100, 1],[-67.0787, 41.1672, -12.6516, 100, 100, 1],[-66.4622, 40.3617, -12.6962, 100, 100, 1],
	[-65.8422, 39.5666, -12.7386, 100, 100, 1],[-65.267, 38.9231, -12.7742, 100, 100, 1],[-64.8051, 38.3851, -12.8022, 100, 100, 1],[-64.3541, 37.866, -12.825, 100, 100, 1],[-63.7089, 37.5242, -12.8556, 100, 100, 1],
	[-63.3617, 37.0426, -12.8738, 100, 100, 1],[-63.0364, 36.6174, -12.8893, 100, 100, 1],[-62.7781, 36.2917, -12.9014, 100, 100, 1],[-62.5723, 36.0899, -12.91, 100, 100, 1],[-62.4518, 36.0532, -12.9152, 100, 100, 1],
	[-62.3898, 35.9946, -12.9173, 100, 100, 1],[-62.3443, 35.9437, -12.9171, 100, 100, 1],[-62.3356, 35.92, -12.9155, 100, 100, 1],[-62.3379, 35.9261, -12.9125, 100, 100, 1],[-62.3379, 35.9261, -12.9108, 100, 100, 1],
	[-62.34, 35.9323, -12.9074, 100, 100, 1],[-62.34, 35.9323, -12.9043, 100, 100, 1],[-62.34, 35.9323, -12.9018, 100, 100, 1],[-62.34, 35.9323, -12.9001, -43, -43, 0],[-62.34, 35.9323, -12.8987, -100, -100, 0],
	[-62.34, 35.9323, -12.8987, -100, -100, 0],[-62.34, 35.9323, -12.8969, -100, -100, 0],[-62.34, 35.9323, -12.8954, -100, -100, 0],[-62.34, 35.9323, -12.8935, -100, -100, 0],[-62.4056, 35.9102, -12.8907, -100, -100, 0],
	[-62.7605, 35.7926, -12.8863, -100, -100, 0],[-63.194, 35.6513, -12.8815, -100, -100, 0],[-63.7481, 35.4728, -12.8781, -100, -100, 0],[-64.3699, 35.2744, -12.8751, -100, -100, 0],[-65.1548, 35.0282, -12.8676, -100, -100, 0],
	[-65.9781, 34.8404, -12.8649, -100, -100, 0],[-66.7942, 34.6074, -12.8597, -100, -100, 0],[-67.7582, 34.3615, -12.8546, -100, -100, 0],[-68.7996, 34.1114, -12.8491, -100, -100, 0],[-69.8998, 33.8377, -12.8439, -100, -100, 0],
	[-71.1186, 33.5629, -12.8389, -100, -100, 0],[-72.3497, 33.2636, -12.8326, -100, -100, 0],[-73.6795, 32.9431, -12.8308, -100, -100, 0],[-75.0472, 32.6174, -12.8273, -100, -100, 1],[-76.4495, 32.2986, -12.825, -100, -100, 1],
	[-77.8281, 31.9894, -12.8232, -100, -100, 1],[-79.1215, 31.7048, -12.82, -100, -100, 1],[-80.1856, 31.4691, -12.8195, -100, -100, 1],[-81.022, 31.2652, -12.8197, -100, -100, 1],[-81.7145, 31.0857, -12.8199, -100, -100, 1],
	[-82.3803, 30.9271, -12.8192, 100, 100, 0],[-83.0852, 30.7465, -12.8172, 100, 100, 0],[-83.5546, 30.6401, -12.8148, 100, 100, 0],[-83.7911, 30.5939, -12.8129, 100, 100, 0],[-83.8652, 30.5753, -12.8122, 100, 100, 0],
	[-83.8667, 30.5816, -12.8117, 100, 100, 0],[-83.8542, 30.5848, -12.8125, 100, 100, 0],[-83.572, 30.656, -12.8134, 100, 100, 0],[-83.1483, 30.7641, -12.8163, 100, 100, 0],[-82.5478, 30.9196, -12.8198, 100, 100, 0],
	[-81.9093, 31.0803, -12.8227, 100, 100, 0],[-81.1691, 31.2766, -12.8276, 100, 100, 0],[-80.4399, 31.4666, -12.8319, 100, 100, 0],[-79.4928, 31.7255, -12.8338, 100, 100, 0],[-78.4917, 32.0001, -12.8344, 100, 100, 0],
	[-77.4218, 32.288, -12.8362, 100, 100, 0],[-76.1707, 32.6344, -12.8361, 100, 100, 0],[-74.8771, 32.9917, -12.8359, 100, 100, 0],[-73.5952, 33.3456, -12.8358, 100, 100, 0],[-72.2226, 33.7257, -12.8365, 100, 100, 0],
	[-70.8009, 34.1199, -12.8369, 100, 100, 0],[-69.3645, 34.5338, -12.8382, 100, 100, 0],[-67.9416, 34.9211, -12.8433, 100, 100, 0],[-66.3161, 35.3862, -12.8458, 100, 100, 0],[-64.6945, 35.8415, -12.8493, 100, 100, 0],
	[-63.0561, 36.3063, -12.8504, 100, 100, 0],[-61.505, 36.7541, -12.8565, 100, 100, 0],[-59.758, 37.2785, -12.858, 100, 100, 0],[-58.044, 37.8001, -12.8618, 100, 100, 0],[-56.2871, 38.3342, -12.865, 100, 100, 0],
	[-54.5335, 38.8789, -12.8676, 100, 100, 0],[-52.8444, 39.3958, -12.8722, 100, 100, 0],[-51.0587, 39.9632, -12.8755, 100, 100, 0],[-49.207, 40.5563, -12.8775, 100, 100, 0],[-47.4354, 41.1276, -12.8789, 100, 100, 0],
	[-45.5866, 41.7271, -12.8799, 100, 100, 0],[-43.7149, 42.3378, -12.8822, 100, 100, 0],[-41.8553, 42.9463, -12.8835, 100, 100, 0],[-39.9429, 43.5761, -12.8855, 100, 100, 0],[-38.0255, 44.2117, -12.8871, 100, 100, 0],
	[-36.121, 44.8448, -12.8875, 100, 100, 0],[-34.1482, 45.494, -12.8874, 100, 100, 0],[-32.1356, 46.1629, -12.8873, 100, 100, 0],[-30.1672, 46.8047, -12.8875, 100, 100, 0],[-28.1612, 47.475, -12.8889, 100, 100, 0],
	[-26.1806, 48.1395, -12.8901, 100, 100, 0],[-24.2338, 48.7873, -12.8907, 100, 100, 0],[-22.2422, 49.4595, -12.8919, 100, 100, 0],[-20.2268, 50.1406, -12.8923, 100, 100, 0],[-18.2418, 50.8124, -12.8927, 100, 100, 0],
	[-16.2332, 51.493, -12.8931, 100, 100, 0],[-14.1899, 52.1904, -12.8953, 100, 100, 0],[-12.1894, 52.8769, -12.8969, 100, 100, 0],[-10.1901, 53.5648, -12.8978, 100, 100, 1],[-8.17346, 54.262, -12.8992, 100, 100, 1],
	[-6.23179, 54.9249, -12.9017, 100, 100, 1],[-4.35621, 55.5847, -12.9047, 100, 100, 1],[-2.54769, 56.2246, -12.9064, 100, 100, 1],[-0.912267, 56.803, -12.9063, 100, 100, 1],[0.569948, 57.322, -12.9032, 100, 100, 1],
	[1.90471, 57.7824, -12.8986, 100, 100, 1],[3.13872, 58.2036, -12.8953, 100, 100, 1],[4.27114, 58.59, -12.8953, -100, -100, 0],[5.28172, 58.9232, -12.8969, -100, -100, 0],[6.13182, 59.2158, -12.8983, -100, -100, 0],
	[6.80824, 59.4485, -12.8978, -100, -100, 0],[7.22768, 59.5912, -12.8942, -100, -100, 0],[7.36186, 59.6488, -12.8882, -100, -100, 0],[7.35638, 59.647, -12.8829, -100, -100, 0],[7.34404, 59.643, -12.8802, -100, -100, 0],
	[7.18161, 59.5905, -12.8793, -100, -100, 0],[6.814, 59.4723, -12.8773, -100, -100, 0],[6.30111, 59.3095, -12.8739, -100, -100, 0],[5.58381, 59.0978, -12.8706, -100, -100, 0],[4.82847, 58.8631, -12.8677, -100, -100, 0],
	[3.99346, 58.6055, -12.8655, -100, -100, 0],[3.09129, 58.3286, -12.8642, -100, -100, 0],[2.10927, 58.0345, -12.8637, -100, -100, 0],[1.05518, 57.7124, -12.8629, -100, -100, 0],[-0.0627874, 57.385, -12.8618, -100, -100, 0],
	[-1.23193, 57.0303, -12.8609, -100, -100, 0],[-2.48442, 56.665, -12.8601, -100, -100, 0],[-3.81618, 56.2781, -12.8584, -100, -100, 0],[-5.18804, 55.8948, -12.8566, -100, -100, 0],[-6.5183, 55.5258, -12.8544, -100, -100, 0],
	[-8.04153, 55.116, -12.8534, -100, -100, 0],[-9.59891, 54.7129, -12.8495, -100, -100, 0],[-11.1568, 54.2887, -12.8466, -100, -100, 0],[-12.7218, 53.8663, -12.8456, -100, -100, 0],[-14.3424, 53.4311, -12.8431, -100, -100, 0],
	[-16.004, 53.0011, -12.8406, -100, -100, 0],[-17.6791, 52.5714, -12.8383, -97, -97, 0],[-19.3919, 52.162, -12.8362, -32, -32, 0],[-21.136, 51.7474, -12.8343, -32, -32, 1],[-22.8989, 51.3035, -12.8337, -32, -32, 1],
	[-24.6207, 50.9287, -12.831, -32, -32, 1],[-26.2593, 50.5616, -12.8284, -32, -32, 1],[-27.8131, 50.1957, -12.8248, -32, -32, 1],[-29.1205, 49.8904, -12.8237, -32, -32, 1],[-30.2265, 49.6149, -12.8219, -32, -32, 1],
	[-31.2223, 49.3683, -12.822, 19, 19, 0],[-32.2855, 49.1029, -12.8222, 95, 95, 0],[-33.2475, 48.878, -12.8216, 100, 100, 0],[-33.8509, 48.734, -12.8214, 100, 100, 0],[-34.0775, 48.6751, -12.8204, 100, 100, 0],
	[-34.1019, 48.6688, -12.8211, 100, 100, 0],[-34.1082, 48.6671, -12.8226, 100, 100, 0],[-34.0838, 48.6736, -12.8254, 100, 100, 0],[-33.8577, 48.7345, -12.8317, 100, 100, 0],[-33.6257, 48.7982, -12.8345, 100, 100, 0],
	[-33.1076, 48.9435, -12.8397, 100, 100, 0],[-32.4069, 49.142, -12.8425, 100, 100, 0],[-31.6271, 49.3629, -12.8425, 100, 100, 0],[-30.7441, 49.6131, -12.8425, 100, 100, 0],[-29.8056, 49.879, -12.8425, 100, 100, 0],
	[-28.8249, 50.1569, -12.8425, 100, 100, 0],[-27.7204, 50.4631, -12.8568, 100, 100, 0],[-26.5566, 50.8131, -12.8585, 100, 67, 0],[-25.3108, 51.1781, -12.8621, 100, 41, 0],[-24.0816, 51.5533, -12.8633, 100, 41, 0],
	[-22.7435, 51.9638, -12.8648, 100, 41, 0],[-21.2738, 52.4174, -12.8669, 100, 0, 0],[-19.8454, 52.8555, -12.8679, 100, 0, 0],[-18.3637, 53.3164, -12.8679, 100, 0, 0],[-16.8511, 53.7821, -12.8651, 100, 0, 0],
	[-15.3169, 54.2435, -12.8585, 100, 0, 0],[-13.8972, 54.645, -12.842, 100, 0, 0],[-12.5302, 54.9985, -12.8194, 100, 0, 0],[-11.1506, 55.3251, -12.7947, 86, 100, 0],[-9.72316, 55.6471, -12.7588, 86, 100, 0],
	[-8.37358, 56.0086, -12.7333, 100, 100, 0],[-7.02673, 56.3312, -12.7037, 100, 100, 0],[-5.57162, 56.6929, -12.6692, 100, 100, 0],[-4.14889, 57.0181, -12.6517, 100, 100, 0],[-2.80212, 57.0876, -12.618, 100, 100, 0],
	[-1.45412, 57.1283, -12.5875, 100, 100, 0],[-0.105425, 57.1613, -12.5626, 100, 100, 0],[1.34547, 57.1793, -12.544, 100, 100, 0],[2.73062, 57.1301, -12.5259, 100, 100, 0],[4.11599, 57.0685, -12.5186, 100, 100, 0],
	[5.52609, 56.9962, -12.5151, 100, 100, 0],[7.02424, 56.9111, -12.5096, 100, 100, 0],[8.51562, 56.8214, -12.5063, 100, 100, 0],[10.1017, 56.7231, -12.5045, 100, 100, 0],[11.7948, 56.603, -12.5028, 100, 100, 0],
	[13.362, 56.502, -12.502, 100, 100, 0],[15.0045, 56.395, -12.5013, 100, 100, 0],[16.7355, 56.2805, -12.5003, 100, 100, 0],[18.4539, 56.164, -12.4987, 100, 100, 0],[20.2032, 56.0434, -12.4978, 100, 100, 0],
	[21.9655, 55.9239, -12.4987, 100, 100, 0],[23.7474, 55.8042, -12.4993, 100, 100, 0],[25.534, 55.671, -12.4992, 100, 100, 0],[27.2714, 55.5558, -12.5002, 100, 100, 0],[29.0637, 55.4066, -12.5041, 100, 100, 0],
	[30.8573, 55.2773, -12.5088, 100, 100, 0],[32.6333, 55.1675, -12.5115, 100, 100, 0],[34.4736, 55.0731, -12.5151, 71, 100, 0],[36.3331, 54.9862, -12.5197, 71, 100, 0],[38.1863, 54.9064, -12.5233, 71, 100, 0],
	[39.9068, 54.84, -12.5302, 0, 100, 0],[41.8494, 54.7558, -12.533, 0, 100, 0],[43.5708, 54.7228, -12.5397, 0, 100, 0],[45.3626, 54.6789, -12.5491, 0, 100, 0],[47.1354, 54.6564, -12.5606, 0, 100, 0],
	[48.6614, 54.6479, -12.5773, 0, 100, 0],[50.0787, 54.6835, -12.6007, 4, 100, 0],[51.4042, 54.6901, -12.6284, 4, 100, 0],[52.6781, 54.6671, -12.6582, 4, 100, 0],[53.7842, 54.3979, -12.6912, 100, 100, 0],
	[54.7997, 54.231, -12.71, 100, 100, 0],[55.6256, 54.3612, -12.7529, 100, 100, 0],[56.2635, 54.4995, -12.7998, 100, 100, 0],[56.8139, 54.6019, -12.8521, 100, 100, 0],[57.4685, 54.3213, -12.9032, 100, 100, 0],
	[58.2806, 53.8727, -12.9533, 100, 100, 0],[59.2337, 53.338, -13.0005, 100, 100, 0],[60.1635, 53.0262, -13.0423, 100, 100, 0],[61.0767, 53.0173, -13.0785, 100, 100, 0],[62.1004, 53.2828, -13.1117, 100, 100, 0],
	[63.3273, 53.4705, -13.1384, 100, 100, 0],[64.5745, 53.7168, -13.1606, 100, 100, 0],[65.7252, 54.1727, -13.1809, 100, 100, 0],[66.9796, 54.785, -13.1985, 67, 100, 0],[68.1864, 55.5623, -13.2134, 9, 100, 0],
	[69.4142, 56.3549, -13.2265, 0, 100, 0],[70.6049, 57.2476, -13.2397, 0, 100, 0],[71.7672, 58.1672, -13.2527, 0, 100, 0],[72.865, 59.0947, -13.2679, 0, 100, 0],[73.8986, 59.9996, -13.2855, 0, 100, 0],
	[74.8552, 60.8591, -13.3084, 100, 100, 0],[75.697, 61.6735, -13.3491, 100, 100, 0],[77.0796, 63.1103, -13.3795, 100, 100, 0],[77.6104, 63.7142, -13.4162, 100, 100, 0],[78.0927, 64.3098, -13.4565, 100, 100, 0],
	[78.5407, 64.8915, -13.4976, 100, 100, 0],[79.0154, 65.5644, -13.5386, 100, 100, 0],[79.5328, 66.3606, -13.5738, 100, 100, 0],[79.5328, 66.3606, -13.5889, 100, 100, 0],[80.0458, 67.2273, -13.6155, 100, 100, 0],
	[81.2463, 69.2835, -13.6472, 100, 100, 0],[81.8946, 70.4675, -13.6645, 100, 100, 0],[82.5359, 71.7111, -13.6791, 100, 100, 0],[83.1767, 73.0256, -13.6919, 100, 100, 0],[83.1767, 73.0256, -13.6969, 100, 100, 0],
	[83.8448, 74.3976, -13.701, 100, 100, 0],[84.6199, 75.7761, -13.701, 100, 89, 0],[85.348, 77.2036, -13.7238, 100, 89, 0],[86.6343, 80.1792, -13.7334, 100, 0, 0],[87.3146, 81.789, -13.7374, 100, 0, 0],
	[87.9906, 83.4007, -13.74, 100, 0, 0],[88.6438, 84.9601, -13.7405, 100, 0, 0],[88.6438, 84.9601, -13.7385, 100, 0, 0],[89.9738, 88.0337, -13.7219, 100, 100, 0],[90.6544, 89.4976, -13.702, 100, 100, 0],
	[90.6544, 89.4976, -13.6905, 100, 100, 0],[91.2701, 90.9305, -13.6648, 100, 100, 0],[91.9025, 94.102, -13.6083, 100, 100, 0],[92.3752, 95.7909, -13.5634, 100, 100, 0],[92.8825, 97.3849, -13.5192, 100, 100, 0],
	[93.4004, 98.9874, -13.48, 100, 100, 0],[93.4004, 98.9874, -13.463, 100, 100, 0],[94.1921, 100.098, -13.4352, 100, 100, 0],[95.0983, 101.165, -13.4147, 100, 100, 0],[95.9986, 102.169, -13.3982, 100, 100, 0],
	[97.8728, 104.187, -13.3817, 100, 100, 0],[97.8728, 104.187, -13.3778, 100, 100, 0],[99.8884, 106.289, -13.3707, 100, 100, 0],[99.8884, 106.289, -13.3697, 100, 100, 0],[100.926, 107.374, -13.3689, 100, 100, 0],
	[101.974, 108.457, -13.3688, 100, 100, 1],[103.007, 109.527, -13.3687, 100, 100, 1],[104.129, 110.697, -13.37, 0, 100, 0],[105.165, 111.773, -13.372, 0, 100, 0],[106.124, 112.758, -13.3752, 0, 100, 0],
	[106.906, 113.578, -13.376, 0, 100, 0],[107.54, 114.241, -13.3705, 0, 100, 0],[108.043, 114.759, -13.3615, 0, 100, 0],[108.48, 115.201, -13.3538, 0, 100, 0],[108.834, 115.554, -13.3496, 0, 100, 0],
	[109.175, 115.893, -13.351, 0, 100, 0],[109.496, 116.217, -13.3598, 0, 100, 0],[109.796, 116.49, -13.3752, 0, 100, 0],[110.455, 116.899, -13.4047, 0, 100, 0],[110.455, 116.899, -13.4158, 0, 100, 0],
	[110.733, 117.203, -13.4395, 0, 100, 0],[111.247, 117.83, -13.4817, 100, 100, 0],[111.471, 118.12, -13.5141, 100, 100, 0],[111.679, 118.431, -13.5486, 100, 100, 0],[111.878, 118.754, -13.5853, 100, 100, 0],
	[112.064, 119.086, -13.6244, 100, 100, 0],[112.313, 119.57, -13.6621, 100, 100, 0],[112.313, 119.57, -13.6792, 100, 100, 0],[112.652, 120.194, -13.7078, 100, 100, 0],[113.05, 120.987, -13.733, 100, 100, 0],
	[113.411, 121.824, -13.7556, 100, 100, 0],[113.802, 122.793, -13.7741, 100, 100, 0],[114.208, 123.851, -13.7911, 100, 100, 0],[115.067, 126.234, -13.8126, 100, 100, 0],[115.544, 127.537, -13.8228, 100, 100, 0],
	[115.544, 127.537, -13.828, 100, 100, 0],[115.982, 128.893, -13.8381, 100, 100, 0],[116.43, 130.325, -13.8461, 100, 100, 0],[116.887, 131.781, -13.8527, 100, 100, 0],[117.327, 133.302, -13.8594, 100, 100, 0],
	[117.782, 134.87, -13.8657, 100, 100, 0],[118.218, 136.452, -13.8703, 100, 100, 0],[118.685, 138.129, -13.8748, 100, 100, 0],[119.61, 141.525, -13.8803, 100, 100, 0],[120.059, 143.254, -13.8829, 100, 100, 0],
	[120.519, 145.051, -13.8862, 100, 100, 0],[120.519, 145.051, -13.8876, 100, 100, 0],[121.426, 148.649, -13.8915, 100, 100, 0],[121.88, 150.46, -13.8951, 100, 100, 0],[122.325, 152.288, -13.8983, 100, 100, 0],
	[122.764, 154.109, -13.9006, 100, 100, 0],[123.213, 155.988, -13.9025, 100, 100, 0],[123.666, 157.891, -13.9039, 100, 100, 0],[124.123, 159.793, -13.9045, 100, 100, 0],[124.569, 161.692, -13.9063, 100, 100, 0],
	[124.569, 161.692, -13.9069, 100, 100, 0],[125.03, 163.664, -13.9082, 0, 100, 0],[125.49, 165.644, -13.9097, 0, 100, 0],[125.938, 167.588, -13.9116, 0, 100, 0],[126.376, 169.507, -13.9156, 0, 100, 0],
	[126.809, 171.396, -13.9222, 0, 100, 0],[127.522, 174.694, -13.9432, 0, 100, 0],[127.785, 176.203, -13.9646, 0, 100, 0],[127.785, 176.203, -13.9761, 0, 100, 0],[128.012, 177.623, -14.0001, 0, 100, 0],
	[128.212, 179.021, -14.0258, 0, 100, 0],[128.382, 180.359, -14.0524, 0, 100, 0],[128.485, 181.628, -14.0805, 0, 100, 0],[128.551, 182.905, -14.1103, 100, 100, 0],[128.577, 184.051, -14.142, 100, 100, 0],
	[128.551, 185.253, -14.1768, 100, 100, 0],[128.569, 186.232, -14.2167, 100, 100, 0],[128.389, 187.848, -14.2839, 100, 100, 0],[128.323, 188.583, -14.3302, 100, 100, 0],[128.189, 189.404, -14.3752, 100, 100, 0],
	[128.146, 190.36, -14.4152, 100, 100, 0],[128.347, 191.45, -14.4495, 100, 100, 0],[128.56, 192.627, -14.4786, 100, 100, 0],[128.558, 193.848, -14.5043, 100, 100, 0],[128.228, 195.094, -14.5247, 100, 100, 0],
	[128.228, 195.094, -14.5343, 100, 100, 0],[127.85, 196.42, -14.5528, 100, 100, 0],[127.297, 199.359, -14.576, 100, 100, 0],[126.935, 200.864, -14.5877, 100, 100, 0],[126.935, 200.864, -14.5928, 100, 100, 0],
	[126.441, 202.415, -14.603, 100, 100, 0],[125.913, 203.844, -14.6118, 100, 100, 0],[125.27, 205.315, -14.62, 100, 100, 0],[124.517, 206.929, -14.6275, 100, 100, 0],[123.781, 208.496, -14.635, 100, 100, 0],
	[123.025, 210.046, -14.6414, 100, 100, 0],[122.231, 211.582, -14.6467, 100, 100, 0],[120.51, 214.776, -14.6543, 100, 100, 0],[119.622, 216.347, -14.659, 100, 100, 0],[118.714, 217.936, -14.6629, 100, 100, 0],
	[117.777, 219.537, -14.6666, 100, 100, 0],[117.777, 219.537, -14.6687, 100, 100, 0],[116.817, 221.191, -14.6715, 100, 100, 0],[115.866, 222.791, -14.6741, 100, 100, 0],[114.907, 224.423, -14.6763, 100, 100, 0],
	[113.957, 226.009, -14.6777, 18, 100, 0],[112.917, 227.763, -14.6797, 18, 100, 0],[111.902, 229.443, -14.6812, 0, 100, 0],[110.879, 231.133, -14.6822, 0, 100, 0],[108.861, 234.441, -14.6866, 0, 100, 0],
	[107.87, 236.039, -14.6925, 0, 100, 0],[106.925, 237.547, -14.7043, 0, 100, 0],[106.103, 238.878, -14.7228, 100, 100, 0],[105.291, 240.087, -14.7458, 100, 100, 0],[104.525, 241.166, -14.773, 100, 100, 0],
	[104.525, 241.166, -14.7898, 100, 100, 0],[103.813, 242.064, -14.8275, 100, 100, 0],[103.185, 242.793, -14.8703, 100, 100, 0],[102.595, 243.438, -14.9138, 100, 100, 0],[101.983, 244.053, -14.9565, 100, 100, 0],
	[101.333, 244.807, -14.9931, 100, 100, 0],[100.079, 246.723, -15.0368, 100, 100, 0],[100.079, 246.723, -15.0501, 100, 100, 0],[99.3598, 247.684, -15.0748, 100, 100, 0],[98.5829, 248.827, -15.0946, 100, 100, 0],
	[97.6782, 249.868, -15.1113, 100, 100, 0],[96.5719, 250.766, -15.1277, 100, 100, 0],[95.5095, 251.677, -15.1416, 100, 100, 0],[94.1881, 252.596, -15.1526, 100, 100, 0],[92.8723, 253.515, -15.1623, 100, 100, 0],
	[91.4791, 254.367, -15.1714, 100, 100, 0],[90.0225, 255.226, -15.1792, 100, 100, 0],[88.5061, 256.119, -15.1851, 100, 100, 0],[86.9735, 256.997, -15.1904, 100, 100, 0],[85.3816, 257.899, -15.1941, 100, 100, 0],
	[83.846, 258.761, -15.1988, 100, 100, 0],[82.1217, 259.749, -15.2023, 100, 100, 0],[80.5647, 260.703, -15.2042, 100, 100, 0],[78.802, 261.702, -15.2052, 100, 100, 0],[77.1052, 262.663, -15.2063, 100, 100, 0],
	[73.7781, 264.523, -15.2093, 100, 100, 0],[71.9638, 265.521, -15.2112, 100, 100, 0],[71.9638, 265.521, -15.2117, 100, 100, 0],[70.2433, 266.48, -15.2133, 100, 100, 0],[68.5105, 267.428, -15.214, 100, 100, 0],
	[66.7265, 268.401, -15.2158, 62, 62, 0],[65.0023, 269.38, -15.2173, 62, 62, 0],[61.568, 271.256, -15.2226, 62, 62, 1],[61.568, 271.256, -15.2246, 62, 62, 1],[59.9182, 272.132, -15.2285, 62, 62, 1],
	[58.1815, 273.032, -15.232, 62, 62, 1],[56.6074, 273.847, -15.2352, 62, 62, 1],[55.194, 274.602, -15.2383, 62, 62, 1],[53.9912, 275.212, -15.2389, 62, 62, 1],[52.9403, 275.758, -15.2386, 62, 62, 1],
	[51.9298, 276.285, -15.2384, 62, 62, 1],[50.1689, 277.222, -15.2386, 62, 62, 1],[49.3952, 277.614, -15.2389, 62, 62, 1],[48.7059, 277.964, -15.2385, 62, 62, 1],[48.0542, 278.301, -15.2375, 62, 62, 1],
	[48.0542, 278.301, -15.2367, -15, -15, 0],[47.0967, 278.793, -15.232, -15, -15, 0],[46.8102, 278.942, -15.2292, -100, -100, 0],[46.731, 278.983, -15.2273, -100, -100, 0],[46.731, 278.983, -15.2253, -100, -100, 0],
	[46.7283, 278.978, -15.2222, -100, -100, 0],[46.7283, 278.978, -15.2206, -100, -100, 0],[47.192, 278.73, -15.2163, -100, -100, 0],[47.6935, 278.459, -15.2131, -100, -100, 0],[48.2661, 278.147, -15.2096, -100, -100, 0],
	[48.2661, 278.147, -15.2081, -100, -100, 0],[48.9543, 277.756, -15.2058, -100, -100, 0],[49.7182, 277.306, -15.2031, -100, -100, 0],[50.5812, 276.813, -15.1999, -100, -100, 0],[51.47, 276.287, -15.1968, -100, -100, 0],
	[52.5124, 275.686, -15.1939, -100, -100, 0],[53.5519, 275.067, -15.1912, -100, -100, 0],[54.6685, 274.431, -15.189, -100, -100, 0],[55.8271, 273.753, -15.1866, -100, -100, 0],[56.9836, 273.072, -15.1842, -100, -100, 0],
	[58.2095, 272.333, -15.1811, -100, -100, 0],[59.4523, 271.548, -15.177, -100, -100, 1],[61.9882, 269.941, -15.1704, -100, -100, 1],[63.1318, 269.177, -15.1652, -100, -100, 1],[64.2331, 268.429, -15.159, -100, -100, 1],
	[64.2331, 268.429, -15.1558, -100, -100, 1],[65.1705, 267.803, -15.1501, -21, 21, 0],[65.8813, 267.327, -15.1446, -21, 21, 0],[66.4112, 266.945, -15.1402, -59, 59, 0],[66.8064, 266.647, -15.1359, -100, 100, 0],
	[67.0232, 266.492, -15.1322, -100, 100, 0],[67.0443, 266.478, -15.1323, -100, 100, 0],[67.0443, 266.478, -15.1383, -100, 100, 0],[67.0443, 266.478, -15.1428, -100, 100, 0],[66.9831, 266.524, -15.1547, -100, 100, 0],
	[66.8968, 266.576, -15.1748, -100, 100, 0],[66.9987, 266.78, -15.202, -100, 100, 0],[67.1955, 267.149, -15.2336, -100, 100, 0],[67.4004, 267.535, -15.268, -100, 100, 0],[67.7147, 267.897, -15.3074, -100, 100, 0],
	[68.0969, 268.274, -15.3501, -100, 100, 0],[68.4813, 268.762, -15.3956, -100, 100, 0],[68.8343, 269.283, -15.4434, -100, 100, 0],[69.1923, 269.762, -15.4944, -100, 100, 0],[69.614, 270.322, -15.5485, -100, 100, 0],
	[69.9842, 270.953, -15.606, -100, 100, 0],[70.349, 271.533, -15.6681, -100, 100, 0],[70.7077, 272.118, -15.733, -100, 100, 0],[71.0909, 272.624, -15.7997, -100, 100, 0],[71.5002, 273.063, -15.8703, -100, 100, 0],
	[71.9969, 273.546, -15.9438, -100, 100, 0],[72.4226, 274.043, -16.0203, -100, 100, 0],[72.876, 274.552, -16.0999, -100, 100, 0],[73.3367, 275.093, -16.1806, -100, 100, 0],[73.6405, 275.967, -16.3041, -100, 100, 0],
	[74.1699, 276.36, -16.3463, -100, 100, 0],[74.2069, 277.379, -16.475, -100, 100, 0],[74.2915, 278.313, -16.5618, -100, 100, 0],[74.0394, 279.387, -16.6506, -100, 100, 0],[74.4474, 280.005, -16.6953, -100, 100, 0],
	[73.8752, 281.319, -16.786, -100, 100, 0],[73.024, 282.632, -16.8774, -100, 100, 0],[71.9901, 283.886, -16.9703, -100, 100, 0],[70.9761, 285.12, -17.0648, -100, 100, 0],[69.773, 286.176, -17.1584, -100, 100, 0],
	[68.5087, 287.1, -17.2501, -100, 100, 0],[67.2574, 287.871, -17.3399, -100, 100, 0],[65.9655, 288.458, -17.4288, -100, 100, 0],[64.5245, 289.076, -17.5193, -100, 100, 0],[63.1241, 289.495, -17.609, -100, 100, 0],
	[61.6669, 289.8, -17.6963, -100, 100, 0],[60.2978, 290.051, -17.7858, -100, 100, 0],[58.9378, 290.105, -17.8751, -100, 100, 0],[57.6028, 290.081, -17.963, -100, 100, 0],[55.4849, 289.216, -18.0517, -100, 100, 0],
	[54.1692, 288.867, -18.1412, -100, 100, 0],[52.9789, 288.496, -18.2302, -100, 100, 0],[51.7184, 287.899, -18.3638, -100, 100, 0],[50.5848, 287.187, -18.4091, -100, 100, 0],[49.5179, 286.478, -18.547, -100, 100, 0],
	[48.4288, 285.617, -18.5934, -100, 100, 0],[47.5724, 284.63, -18.6856, -100, 100, 0],[46.7846, 283.556, -18.8248, -100, 100, 0],[46.0948, 282.375, -18.9192, -100, 100, 0],[45.4982, 281.056, -18.967, -100, 100, 0],
	[45.0077, 279.763, -19.0633, -100, 100, 0],[44.5989, 278.488, -19.2081, -100, 100, 0],[44.3619, 277.132, -19.3036, -100, 100, 0],[44.2207, 275.798, -19.3516, -100, 100, 0],[44.3213, 274.357, -19.4476, -100, 100, 0],
	[44.3798, 273.021, -19.5935, -100, 100, 0],[44.6777, 271.626, -19.643, -100, 100, 0],[45.1919, 270.146, -19.7905, -100, 100, 0],[45.7181, 268.802, -19.8898, -100, 100, 0],[46.4916, 267.506, -19.9897, -100, 100, 0],
	[47.2885, 266.293, -20.0884, -100, 100, 0],[48.2525, 265.142, -20.1373, -100, 100, 0],[49.3757, 264.126, -20.2346, -100, 100, 0],[50.5326, 263.196, -20.3316, -100, 100, 0],[51.7799, 262.376, -20.4277, -100, 100, 0],
	[53.0451, 261.711, -20.5233, -100, 100, 0],[54.4495, 261.146, -20.6177, -100, 100, 0],[55.7354, 260.692, -20.7116, -100, 100, 0],[57.1508, 260.416, -20.8495, -100, 100, 0],[58.5299, 260.186, -20.9426, -100, 100, 0],
	[59.9792, 260.129, -21.0351, -100, 100, 0],[61.3247, 260.275, -21.1266, -100, 100, 0],[62.6124, 260.483, -21.2187, -100, 100, 0],[63.9248, 260.809, -21.313, -100, 100, 0],[65.1972, 261.251, -21.3605, -100, 100, 0],
	[66.4409, 261.613, -21.3605, -100, 100, 0],[67.6915, 262.08, -21.5959, -100, 100, 0],[68.6562, 262.734, -21.6428, -100, 100, 0],[69.6267, 263.593, -21.7355, -100, 100, 0],[70.6117, 264.356, -21.7355, -100, 100, 0],
	[71.4834, 264.914, -21.7355, -100, 100, 0],[72.3849, 265.66, -21.7355, -100, 100, 0],[73.0161, 266.524, -22.1171, -100, 100, 0],[73.5106, 267.668, -22.2131, -100, 100, 0],[73.8657, 268.993, -22.3109, -100, 100, 0],
	[74.1468, 270.344, -22.4573, -100, 100, 0],[74.2226, 271.79, -22.5063, -95, 95, 0],[74.0872, 273.29, -22.6046, -95, 95, 1],[73.8808, 274.801, -22.7026, -95, 95, 1],[73.5189, 276.199, -22.7985, -95, 95, 1],
	[72.9375, 277.534, -22.891, -95, 95, 1],[72.4118, 278.656, -22.9773, -95, 95, 1],[71.7967, 279.593, -23.0531, -95, 95, 1],[71.2086, 280.331, -23.1158, -95, 95, 1],[70.6414, 280.963, -23.1697, -95, 95, 1],
	[70.1018, 281.446, -23.2167, -95, 95, 1],[69.5594, 281.855, -23.2585, -95, 95, 1],[69.1276, 282.196, -23.2952, -95, 95, 1],[68.7661, 282.544, -23.3109, -95, 95, 1],[68.4724, 282.802, -23.3109, -95, 95, 1],
	[68.2204, 282.939, -23.3109, -95, 95, 1],[68.0669, 282.978, -23.3109, -95, 95, 1],[68.0071, 283, -23.3109, -95, 95, 1],[68.0071, 283, -23.3109, -95, 95, 1],[68.0007, 282.975, -23.3109, -95, 95, 1],
	[67.9976, 282.963, -23.3109, -49, 49, 0],[67.9944, 282.951, -23.3109, -100, 100, 0],[68.0007, 282.949, -23.3109, -100, 100, 0],[67.9976, 282.937, -23.3109, -100, 100, 0],[67.9976, 282.937, -23.3109, -100, 100, 0],
	[67.9976, 282.937, -23.3109, -100, 100, 0],[67.9732, 282.943, -23.3109, -100, 100, 0],[67.7583, 283.025, -23.3109, -100, 100, 0],[67.5109, 283.232, -23.3109, -100, 100, 0],[67.2731, 283.528, -23.3109, -100, 100, 0],
	[66.9463, 283.86, -23.3109, -100, 100, 1],[66.5493, 284.145, -23.3109, -100, 100, 1],[66.188, 284.395, -23.3109, -100, 100, 1],[65.8927, 284.595, -23.3109, -100, 100, 1],[65.683, 284.746, -23.3109, -100, 100, 1],
	[65.5839, 284.844, -23.3109, -100, 100, 1],[65.5571, 284.89, -23.3109, -100, 100, 1],[65.5601, 284.902, -23.3109, -100, 100, 1],[65.5538, 284.903, -23.3109, -100, 100, 1],[65.5538, 284.903, -23.3109, -100, 100, 1],
	[65.557, 284.916, -23.3109, 34, 34, 0],[65.5603, 284.928, -23.3109, 89, 89, 0],[65.5603, 284.928, -23.3109, 100, 100, 0],[65.557, 284.916, -23.3109, 100, 100, 0],[65.5603, 284.928, -23.3109, 100, 100, 0],
	[65.557, 284.916, -23.3109, 100, 100, 0],[65.5288, 284.806, -23.3109, 100, 100, 0],[65.4549, 284.517, -23.3109, 100, 100, 0],[65.3258, 284.014, -23.3109, 100, 100, 0],[65.1718, 283.413, -23.3109, 100, 100, 0],
	[65.0034, 282.757, -23.3109, 100, 100, 0],[64.8021, 281.972, -23.3109, 100, 100, 0],[64.5693, 281.064, -23.3109, 100, 100, 0],[64.3225, 280.128, -23.3109, 100, 100, 0],[64.0487, 279.06, -23.3109, 100, 100, 0],
	[63.7514, 277.901, -23.3109, 100, 100, 0],[63.4496, 276.724, -23.3109, 100, 100, 0],[63.1334, 275.491, -23.3109, 100, 100, 0],[62.8093, 274.201, -23.3109, 100, 100, 0],[62.4539, 272.815, -23.3109, 100, 100, 0],
	[62.0765, 271.344, -23.3109, 100, 100, 0],[61.669, 269.755, -23.3109, 100, 100, 0],[61.2743, 268.215, -23.3109, 100, 100, 0],[60.8765, 266.716, -23.3109, 100, 100, 0],[60.3967, 265.022, -23.3109, 100, 100, 0],
	[59.9547, 263.351, -23.3109, 100, 100, 0],[59.5317, 261.701, -23.3109, 100, 100, 0],[59.0991, 260.015, -23.3109, 100, 100, 0],[58.6374, 258.289, -23.3109, 100, 100, 0],[58.1673, 256.508, -23.3109, 100, 100, 0],
	[57.693, 254.76, -23.3109, 100, 100, 0],[57.2094, 252.976, -23.3109, 100, 100, 0],[56.7328, 251.17, -23.3109, 100, 100, 0],[56.2625, 249.336, -23.3109, 100, 100, 0],[55.7828, 247.465, -23.3109, 100, 100, 0],
	[55.2693, 245.512, -23.3109, 100, 100, 0],[54.7596, 243.577, -23.3109, 100, 100, 0],[54.28, 241.707, -23.3109, 100, 100, 0],[53.7862, 239.781, -23.3109, 100, 100, 0],[53.2828, 237.818, -23.3109, 100, 100, 0],
	[52.7905, 235.898, -23.3109, 100, 100, 0],[52.2826, 233.918, -23.3109, 100, 100, 0],[51.7776, 231.949, -23.3109, 100, 100, 0],[51.2791, 230.005, -23.3109, 100, 100, 0],[50.7671, 228.031, -23.3109, 100, 100, 0],
	[50.2435, 226.042, -23.3109, 100, 100, 0],[49.737, 224.067, -23.3109, 100, 100, 0],[49.2211, 222.081, -23.3109, 100, 100, 0],[48.6903, 220.06, -23.3109, 100, 100, 0],[48.1665, 218.07, -23.3109, 100, 100, 0],
	[47.6617, 216.102, -23.3109, 100, 100, 0],[47.1181, 214.083, -23.3109, 100, 100, 0],[46.6181, 212.186, -23.3109, 100, 100, 0],[46.0802, 210.088, -23.3109, 100, 100, 0],[45.569, 208.095, -23.3109, 100, 100, 0],
	[45.0476, 206.111, -23.3109, 100, 100, 0],[44.5349, 204.112, -23.3109, 100, 100, 0],[44.0237, 202.118, -23.3109, 100, 100, 0],[43.5094, 200.113, -23.3109, 100, 100, 0],[42.9921, 198.095, -23.3109, 100, 100, 0],
	[42.4588, 196.042, -23.3109, 100, 100, 0],[41.9271, 193.969, -23.3109, 100, 100, 0],[41.4051, 191.933, -23.3109, 100, 100, 0],[40.8703, 189.848, -23.3109, 100, 100, 0],[40.3309, 187.744, -23.3109, 100, 100, 0],
	[39.7976, 185.665, -23.3109, 100, 100, 0],[39.2551, 183.549, -23.3109, 100, 0, 0],[38.7093, 181.421, -23.3109, 100, 0, 0],[38.1841, 179.373, -23.3109, 100, 0, 0],[37.6462, 177.275, -23.3109, 100, 0, 0],
	[37.1145, 175.202, -23.3109, 100, 0, 0],[36.6144, 173.252, -23.3109, 100, 0, 0],[36.1205, 171.326, -23.3109, 100, 0, 0],[35.6423, 169.461, -23.3109, 100, 0, 0],[35.2098, 167.775, -23.3109, 100, 0, 0],
	[34.7333, 165.916, -23.3109, 100, 0, 0],[34.3331, 164.202, -23.3109, 100, 0, 0],[33.9124, 162.512, -23.3109, 100, 0, 0],[33.5201, 160.881, -23.3109, 100, 0, 0],[33.1175, 159.259, -23.3109, 100, 0, 0],
	[32.8352, 157.775, -23.3109, 100, 0, 0],[32.5562, 156.128, -23.3109, 100, 0, 0],[32.2567, 154.629, -23.3109, 100, 0, 0],[31.9949, 153.199, -23.3109, 100, 0, 0],[31.6742, 151.72, -23.3109, 100, 0, 0],
	[31.3187, 150.281, -23.3109, 100, 100, 0],[30.9585, 148.877, -23.3109, 100, 100, 0],[30.6063, 147.503, -23.3109, 100, 100, 0],[30.2612, 146.108, -23.3109, 100, 100, 0],[29.9135, 144.752, -23.3109, 100, 100, 0],
	[29.5754, 143.434, -23.3109, 100, 100, 0],[30.937, 143.434, -25.1327, 100, 100, 0],[32.2034, 143.434, -25.1327, 100, 100, 0],[33.6787, 143.434, -25.1327, 100, 100, 0],[35.211, 143.434, -25.1327, 100, 26, 0],
	[36.6287, 143.433, -25.1327, 100, 0, 0],[38.0407, 143.433, -25.1327, 100, 0, 0],[39.516, 143.433, -25.1327, 100, 0, 0],[41.0483, 143.433, -25.1327, 100, 0, 0],[42.5553, 143.439, -25.1327, 100, 0, 0],
	[43.9543, 143.439, -25.1327, 100, 0, 0],[45.354, 143.439, -25.1327, 100, 0, 0],[46.7408, 143.452, -25.1327, 100, 0, 0],[48.0828, 143.464, -25.1327, 100, 0, 0],[50.8686, 143.553, -25.1327, 85, 100, 0],
	[52.2553, 143.584, -25.1327, 100, 100, 0],[53.6478, 143.584, -25.1327, 100, 100, 0],[55.0223, 143.584, -25.1327, 100, 100, 0],[55.0223, 143.584, -25.1327, 100, 100, 0],[56.453, 143.59, -25.1327, 100, 100, 0],
	[59.2265, 143.59, -25.1327, 100, 100, 0],[60.6824, 143.59, -25.1327, 100, 100, 0],[60.6824, 143.59, -25.1327, 100, 100, 0],[62.1764, 143.59, -25.1327, 100, 56, 0],[63.6201, 143.59, -25.1327, 100, 0, 0],
	[65.0832, 143.59, -25.1327, 100, 0, 0],[68.147, 143.589, -25.1327, 100, 0, 0],[68.147, 143.596, -25.1327, 100, 0, 0],[69.7621, 143.596, -25.1327, 100, 0, 0],[71.2814, 143.596, -25.1327, 100, 0, 0],
	[74.1939, 143.602, -25.1327, 100, 0, 0],[75.6628, 143.602, -25.1327, 100, 0, 0],[75.6628, 143.602, -25.1327, 100, 100, 0],[78.6005, 143.607, -25.1327, 100, 100, 0],[79.9808, 143.607, -25.1327, 100, 100, 0],
	[81.4496, 143.613, -25.1327, 100, 100, 0],[82.9185, 143.613, -25.1327, 100, 100, 0],[82.9185, 143.613, -25.1327, 100, 100, 0],[85.8058, 143.613, -25.1327, 31, 31, 0],[87.338, 143.613, -25.1327, 31, 31, 1],
	[88.7118, 143.613, -25.1327, 31, 31, 1],[90.1173, 143.613, -25.1327, 31, 31, 1],[91.3463, 143.613, -25.1327, 31, 31, 1],[91.3463, 143.613, -25.1327, 31, 31, 1],[92.4665, 143.612, -25.1327, 31, 31, 1],
	[93.4037, 143.612, -25.1327, 31, 31, 1],[94.1954, 143.612, -25.1327, 31, 31, 1],[94.8344, 143.612, -25.1327, 31, 31, 1],[95.835, 143.612, -25.1327, 31, 31, 1],[95.835, 143.612, -25.1327, 31, 31, 1],
	[96.5186, 143.612, -25.1327, 31, 31, 1],[96.5186, 143.612, -25.1327, 31, 31, 1],[96.7657, 143.612, -25.1327, 31, 31, 1],[96.9494, 143.612, -25.1327, 31, 31, 1],[97.038, 143.612, -25.1327, 31, 31, 1],
	[97.0632, 143.612, -25.1327, 31, 31, 1],[97.0632, 143.612, -25.1327, 31, 31, 1],[97.0632, 143.612, -25.1327, 31, 31, 1],[97.0503, 143.612, -25.1327, 31, 31, 1],[97.0632, 143.612, -25.1327, 31, 31, 1],
	[97.0632, 143.612, -25.1327, 31, 31, 1],[97.0632, 143.612, -25.1327, 31, 31, 1],[97.0632, 143.612, -25.1327, 31, 31, 1],[97.0568, 143.612, -25.1327, 31, 31, 1],[97.0568, 143.612, -25.1327, 31, 31, 1],
	[97.0568, 143.612, -25.1327, 31, 31, 1],[97.0568, 143.612, -25.1327, 31, 31, 1],[97.0568, 143.612, -25.1327, 31, 31, 1],[97.0568, 143.612, -25.1327, 31, 31, 1],[97.0568, 143.612, -25.1327, 31, 31, 1]
]